
▄▄▄▄▄▄▄▄▄▄▄▄▄▄▄▄▄▄▄▄▄▄▄▄▄▄▄▄▄▄▄▄▄▄▄▄▄▄▄▄▄▄▄▄▄▄▄▄▄▄▄▄▄▄▄▄▄▄▄
██ ▄▄▄ █ ████ ▄▄█ ██ ██ ▄▀█ ▄▄█ ▄▄▀████ ▄▄▄ █ ████ ▄▄█ ██ █
██▄▄▄▀▀█ ▄▄ █ ▄▄█ ██ ██ █ █ ▄▄█ ▀▀▄████▄▄▄▀▀█ ▄▄ █ ▄▄█ ██ █
██ ▀▀▀ █▄██▄█▄▄▄█▄▄█▄▄█▄▄██▄▄▄█▄█▄▄████ ▀▀▀ █▄██▄█▄▄▄█▄▄█▄▄
▀▀▀▀▀▀▀▀▀▀▀▀▀▀▀▀▀▀▀▀▀▀▀▀▀▀▀▀▀▀▀▀▀▀▀▀▀▀▀▀▀▀▀▀▀▀▀▀▀▀▀▀▀▀▀▀▀▀▀
                                                      
[38;5;1;48;5;16m [38;5;1;48;5;16m [38;5;1;48;5;16m [38;5;1;48;5;16m [38;5;1;48;5;16m [38;5;1;48;5;16m [38;5;1;48;5;16m [38;5;1;48;5;16m [38;5;1;48;5;16m [38;5;1;48;5;16m [38;5;1;48;5;16m [38;5;1;48;5;16m [38;5;1;48;5;16m [38;5;1;48;5;16m [38;5;1;48;5;16m [38;5;1;48;5;16m [38;5;1;48;5;16m [38;5;1;48;5;16m [38;5;1;48;5;16m [38;5;1;48;5;16m [38;5;1;48;5;16m [38;5;1;48;5;16m [38;5;1;48;5;16m [38;5;1;48;5;16m [38;5;1;48;5;16m [38;5;1;48;5;16m [38;5;1;48;5;16m [38;5;1;48;5;16m [38;5;1;48;5;16m [38;5;1;48;5;16m [38;5;1;48;5;16m [38;5;1;48;5;16m [38;5;1;48;5;16m [38;5;1;48;5;16m [38;5;1;48;5;16m [38;5;1;48;5;16m [38;5;1;48;5;16m [38;5;1;48;5;16m [38;5;1;48;5;16m [38;5;1;48;5;16m [38;5;1;48;5;16m [38;5;1;48;5;16m [38;5;1;48;5;16m [38;5;1;48;5;16m [38;5;1;48;5;16m [38;5;1;48;5;16m [38;5;1;48;5;16m [38;5;1;48;5;16m [38;5;1;48;5;16m [38;5;1;48;5;16m [38;5;1;48;5;16m [38;5;1;48;5;16m [38;5;1;48;5;16m [38;5;156;48;5;232m [38;5;209;48;5;232m [38;5;1;48;5;16m [38;5;1;48;5;16m [38;5;1;48;5;16m [38;5;1;48;5;16m [38;5;1;48;5;16m [0m
[38;5;1;48;5;16m [38;5;1;48;5;16m [38;5;1;48;5;16m [38;5;1;48;5;16m [38;5;1;48;5;16m [38;5;1;48;5;16m [38;5;1;48;5;16m [38;5;1;48;5;16m [38;5;1;48;5;16m [38;5;1;48;5;16m [38;5;1;48;5;16m [38;5;52;48;5;16m░[38;5;52;48;5;232m [38;5;166;48;5;58m░[38;5;130;48;5;214m [38;5;130;48;5;214m [38;5;130;48;5;214m [38;5;130;48;5;214m [38;5;130;48;5;214m [38;5;130;48;5;214m [38;5;52;48;5;232m [38;5;180;48;5;172m░[38;5;130;48;5;214m [38;5;130;48;5;214m [38;5;130;48;5;214m [38;5;130;48;5;214m [38;5;180;48;5;130m░[38;5;52;48;5;16m░[38;5;1;48;5;16m [38;5;1;48;5;16m [38;5;1;48;5;16m [38;5;1;48;5;16m [38;5;1;48;5;16m [38;5;1;48;5;16m [38;5;1;48;5;16m [38;5;1;48;5;16m [38;5;1;48;5;16m [38;5;1;48;5;16m [38;5;1;48;5;16m [38;5;1;48;5;16m [38;5;1;48;5;16m [38;5;1;48;5;16m [38;5;1;48;5;16m [38;5;1;48;5;16m [38;5;1;48;5;16m [38;5;1;48;5;16m [38;5;1;48;5;16m [38;5;1;48;5;16m [38;5;1;48;5;16m [38;5;1;48;5;16m [38;5;1;48;5;16m [38;5;209;48;5;233m [38;5;130;48;5;214m [38;5;130;48;5;214m [38;5;130;48;5;214m [38;5;202;48;5;52m [38;5;1;48;5;16m [38;5;1;48;5;16m [38;5;1;48;5;16m [38;5;1;48;5;16m [0m
[38;5;1;48;5;16m [38;5;1;48;5;16m [38;5;1;48;5;16m [38;5;1;48;5;16m [38;5;1;48;5;16m [38;5;1;48;5;16m [38;5;1;48;5;16m [38;5;1;48;5;16m [38;5;216;48;5;16m░[38;5;202;48;5;52m░[38;5;130;48;5;214m [38;5;130;48;5;214m [38;5;130;48;5;214m [38;5;130;48;5;214m [38;5;130;48;5;214m [38;5;130;48;5;214m [38;5;130;48;5;214m [38;5;130;48;5;214m [38;5;130;48;5;214m [38;5;130;48;5;214m [38;5;208;48;5;208m░[38;5;166;48;5;94m [38;5;52;48;5;232m [38;5;52;48;5;232m [38;5;166;48;5;58m░[38;5;215;48;5;166m░[38;5;208;48;5;208m░[38;5;130;48;5;214m [38;5;130;48;5;214m [38;5;130;48;5;214m [38;5;130;48;5;214m [38;5;130;48;5;214m [38;5;130;48;5;214m [38;5;130;48;5;214m [38;5;130;48;5;214m [38;5;130;48;5;214m [38;5;130;48;5;214m [38;5;215;48;5;130m░[38;5;166;48;5;1m [38;5;52;48;5;233m [38;5;216;48;5;232m [38;5;52;48;5;16m░[38;5;52;48;5;16m [38;5;1;48;5;16m [38;5;1;48;5;16m [38;5;1;48;5;16m [38;5;1;48;5;16m [38;5;1;48;5;16m [38;5;1;48;5;16m [38;5;77;48;5;232m░[38;5;130;48;5;214m [38;5;130;48;5;214m [38;5;130;48;5;214m [38;5;130;48;5;214m [38;5;166;48;5;130m░[38;5;1;48;5;16m [38;5;1;48;5;16m [38;5;1;48;5;16m [38;5;1;48;5;16m [38;5;1;48;5;16m [0m
[38;5;1;48;5;16m [38;5;1;48;5;16m [38;5;1;48;5;16m [38;5;1;48;5;16m [38;5;209;48;5;16m░[38;5;52;48;5;233m [38;5;191;48;5;16m░[38;5;52;48;5;16m [38;5;215;48;5;172m░[38;5;130;48;5;214m [38;5;130;48;5;214m [38;5;130;48;5;214m [38;5;130;48;5;214m [38;5;130;48;5;214m [38;5;130;48;5;214m [38;5;130;48;5;214m [38;5;215;48;5;130m░[38;5;52;48;5;232m [38;5;215;48;5;130m░[38;5;130;48;5;214m [38;5;130;48;5;214m [38;5;130;48;5;214m [38;5;130;48;5;214m [38;5;130;48;5;214m [38;5;130;48;5;214m [38;5;130;48;5;214m [38;5;130;48;5;214m [38;5;130;48;5;214m [38;5;130;48;5;214m [38;5;208;48;5;208m [38;5;166;48;5;130m░[38;5;52;48;5;233m [38;5;202;48;5;52m [38;5;215;48;5;208m░[38;5;130;48;5;214m [38;5;130;48;5;214m [38;5;130;48;5;214m [38;5;130;48;5;214m [38;5;130;48;5;214m [38;5;130;48;5;214m [38;5;130;48;5;214m [38;5;130;48;5;214m [38;5;130;48;5;214m [38;5;130;48;5;214m [38;5;166;48;5;130m░[38;5;52;48;5;232m [38;5;209;48;5;16m░[38;5;52;48;5;232m [38;5;208;48;5;208m░[38;5;208;48;5;208m [38;5;208;48;5;208m [38;5;208;48;5;208m░[38;5;208;48;5;172m░[38;5;180;48;5;130m░[38;5;52;48;5;16m [38;5;1;48;5;16m [38;5;1;48;5;16m [38;5;1;48;5;16m [38;5;1;48;5;16m [38;5;1;48;5;16m [0m
[38;5;1;48;5;16m [38;5;1;48;5;16m [38;5;1;48;5;16m [38;5;58;48;5;232m [38;5;130;48;5;214m [38;5;130;48;5;214m [38;5;130;48;5;214m [38;5;130;48;5;214m [38;5;216;48;5;52m [38;5;52;48;5;233m [38;5;209;48;5;52m [38;5;215;48;5;172m░[38;5;130;48;5;214m [38;5;216;48;5;52m [38;5;166;48;5;94m░[38;5;130;48;5;214m [38;5;130;48;5;214m [38;5;130;48;5;214m [38;5;130;48;5;214m [38;5;130;48;5;214m [38;5;130;48;5;214m [38;5;130;48;5;214m [38;5;130;48;5;214m [38;5;130;48;5;214m [38;5;130;48;5;214m [38;5;130;48;5;214m [38;5;130;48;5;214m [38;5;130;48;5;214m [38;5;130;48;5;214m [38;5;130;48;5;214m [38;5;130;48;5;214m [38;5;130;48;5;214m [38;5;130;48;5;214m [38;5;130;48;5;214m [38;5;130;48;5;208m [38;5;166;48;5;94m░[38;5;52;48;5;233m [38;5;215;48;5;208m░[38;5;130;48;5;214m [38;5;130;48;5;214m [38;5;130;48;5;214m [38;5;130;48;5;214m [38;5;130;48;5;214m [38;5;130;48;5;214m [38;5;130;48;5;214m [38;5;130;48;5;214m [38;5;130;48;5;214m [38;5;130;48;5;214m [38;5;215;48;5;130m░[38;5;52;48;5;232m [38;5;180;48;5;130m░[38;5;208;48;5;172m░[38;5;208;48;5;172m░[38;5;190;48;5;232m░[38;5;1;48;5;16m [38;5;1;48;5;16m [38;5;1;48;5;16m [38;5;1;48;5;16m [38;5;1;48;5;16m [38;5;1;48;5;16m [0m
[38;5;1;48;5;16m [38;5;1;48;5;16m [38;5;52;48;5;16m [38;5;52;48;5;233m [38;5;52;48;5;233m [38;5;130;48;5;214m [38;5;130;48;5;214m [38;5;130;48;5;214m [38;5;130;48;5;214m [38;5;130;48;5;214m [38;5;180;48;5;130m░[38;5;52;48;5;232m [38;5;180;48;5;94m░[38;5;180;48;5;130m░[38;5;130;48;5;214m [38;5;130;48;5;214m [38;5;130;48;5;214m [38;5;130;48;5;214m [38;5;130;48;5;214m [38;5;130;48;5;214m [38;5;130;48;5;214m [38;5;130;48;5;214m [38;5;130;48;5;214m [38;5;130;48;5;214m [38;5;130;48;5;214m [38;5;130;48;5;214m [38;5;130;48;5;214m [38;5;130;48;5;214m [38;5;130;48;5;214m [38;5;130;48;5;214m [38;5;130;48;5;214m [38;5;130;48;5;214m [38;5;130;48;5;214m [38;5;130;48;5;214m [38;5;130;48;5;214m [38;5;130;48;5;214m [38;5;130;48;5;214m [38;5;130;48;5;214m [38;5;208;48;5;208m [38;5;52;48;5;232m [38;5;130;48;5;214m [38;5;130;48;5;214m [38;5;130;48;5;214m [38;5;130;48;5;214m [38;5;130;48;5;214m [38;5;130;48;5;214m [38;5;130;48;5;214m [38;5;130;48;5;214m [38;5;130;48;5;214m [38;5;130;48;5;214m [38;5;130;48;5;208m [38;5;52;48;5;233m [38;5;52;48;5;232m [38;5;52;48;5;16m [38;5;1;48;5;16m [38;5;1;48;5;16m [38;5;1;48;5;16m [38;5;1;48;5;16m [38;5;1;48;5;16m [38;5;1;48;5;16m [0m
[38;5;52;48;5;232m [38;5;215;48;5;130m░[38;5;130;48;5;208m [38;5;130;48;5;214m [38;5;130;48;5;214m [38;5;180;48;5;130m░[38;5;215;48;5;130m░[38;5;130;48;5;214m [38;5;130;48;5;214m [38;5;130;48;5;214m [38;5;130;48;5;214m [38;5;130;48;5;214m [38;5;130;48;5;214m [38;5;52;48;5;233m [38;5;208;48;5;208m░[38;5;130;48;5;214m [38;5;130;48;5;214m [38;5;130;48;5;214m [38;5;215;48;5;94m░[38;5;52;48;5;233m [38;5;166;48;5;94m░[38;5;208;48;5;208m [38;5;130;48;5;214m [38;5;130;48;5;214m [38;5;130;48;5;214m [38;5;130;48;5;214m [38;5;130;48;5;214m [38;5;130;48;5;214m [38;5;130;48;5;214m [38;5;130;48;5;214m [38;5;130;48;5;214m [38;5;130;48;5;214m [38;5;130;48;5;214m [38;5;130;48;5;214m [38;5;130;48;5;214m [38;5;130;48;5;214m [38;5;130;48;5;214m [38;5;130;48;5;214m [38;5;130;48;5;214m [38;5;130;48;5;214m [38;5;130;48;5;214m [38;5;166;48;5;58m░[38;5;208;48;5;208m░[38;5;130;48;5;214m [38;5;130;48;5;214m [38;5;130;48;5;214m [38;5;130;48;5;214m [38;5;130;48;5;214m [38;5;130;48;5;214m [38;5;130;48;5;214m [38;5;130;48;5;214m [38;5;130;48;5;214m [38;5;215;48;5;172m░[38;5;215;48;5;172m░[38;5;52;48;5;233m [38;5;1;48;5;16m [38;5;1;48;5;16m [38;5;1;48;5;16m [38;5;1;48;5;16m [38;5;1;48;5;16m [0m
[38;5;58;48;5;232m [38;5;215;48;5;130m░[38;5;208;48;5;172m░[38;5;208;48;5;172m░[38;5;208;48;5;172m░[38;5;202;48;5;52m [38;5;166;48;5;94m░[38;5;52;48;5;232m [38;5;130;48;5;214m [38;5;130;48;5;214m [38;5;130;48;5;214m [38;5;130;48;5;214m [38;5;130;48;5;214m [38;5;130;48;5;214m [38;5;130;48;5;214m [38;5;130;48;5;208m [38;5;202;48;5;52m [38;5;166;48;5;52m░[38;5;215;48;5;166m░[38;5;130;48;5;214m [38;5;130;48;5;214m [38;5;130;48;5;214m [38;5;130;48;5;214m [38;5;166;48;5;94m░[38;5;166;48;5;52m░[38;5;130;48;5;208m [38;5;130;48;5;214m [38;5;130;48;5;214m [38;5;130;48;5;214m [38;5;130;48;5;214m [38;5;130;48;5;214m [38;5;130;48;5;214m [38;5;130;48;5;214m [38;5;130;48;5;214m [38;5;130;48;5;214m [38;5;130;48;5;214m [38;5;130;48;5;214m [38;5;130;48;5;214m [38;5;130;48;5;214m [38;5;130;48;5;214m [38;5;130;48;5;214m [38;5;130;48;5;214m [38;5;130;48;5;214m [38;5;216;48;5;52m [38;5;130;48;5;214m [38;5;130;48;5;214m [38;5;130;48;5;214m [38;5;130;48;5;214m [38;5;130;48;5;214m [38;5;130;48;5;214m [38;5;130;48;5;214m [38;5;130;48;5;214m [38;5;130;48;5;214m [38;5;130;48;5;214m [38;5;166;48;5;94m░[38;5;130;48;5;214m [38;5;52;48;5;232m [38;5;1;48;5;16m [38;5;1;48;5;16m [38;5;1;48;5;16m [0m
[38;5;1;48;5;16m [38;5;1;48;5;16m [38;5;1;48;5;16m [38;5;1;48;5;16m [38;5;52;48;5;16m [38;5;141;48;5;233m [38;5;209;48;5;52m [38;5;130;48;5;214m [38;5;166;48;5;94m░[38;5;215;48;5;172m░[38;5;130;48;5;214m [38;5;130;48;5;214m [38;5;130;48;5;214m [38;5;130;48;5;214m [38;5;130;48;5;214m [38;5;130;48;5;214m [38;5;130;48;5;214m [38;5;130;48;5;214m [38;5;130;48;5;214m [38;5;130;48;5;214m [38;5;130;48;5;214m [38;5;130;48;5;214m [38;5;130;48;5;214m [38;5;130;48;5;214m [38;5;130;48;5;214m [38;5;130;48;5;214m [38;5;215;48;5;130m░[38;5;166;48;5;94m░[38;5;130;48;5;214m [38;5;130;48;5;214m [38;5;130;48;5;214m [38;5;130;48;5;214m [38;5;130;48;5;214m [38;5;130;48;5;214m [38;5;130;48;5;214m [38;5;208;48;5;208m [38;5;208;48;5;208m░[38;5;208;48;5;172m░[38;5;208;48;5;172m░[38;5;208;48;5;172m░[38;5;208;48;5;172m░[38;5;208;48;5;172m░[38;5;208;48;5;172m░[38;5;180;48;5;94m░[38;5;208;48;5;172m░[38;5;208;48;5;172m░[38;5;208;48;5;172m░[38;5;208;48;5;172m░[38;5;208;48;5;172m░[38;5;208;48;5;172m░[38;5;208;48;5;172m░[38;5;208;48;5;208m░[38;5;130;48;5;214m [38;5;130;48;5;214m [38;5;215;48;5;208m░[38;5;208;48;5;172m░[38;5;130;48;5;214m [38;5;166;48;5;58m░[38;5;52;48;5;16m [38;5;1;48;5;16m [0m
[38;5;1;48;5;16m [38;5;1;48;5;16m [38;5;1;48;5;16m [38;5;1;48;5;16m [38;5;1;48;5;16m [38;5;1;48;5;16m [38;5;215;48;5;130m░[38;5;130;48;5;214m [38;5;130;48;5;214m [38;5;208;48;5;208m░[38;5;202;48;5;52m░[38;5;130;48;5;214m [38;5;130;48;5;214m [38;5;130;48;5;214m [38;5;130;48;5;214m [38;5;130;48;5;214m [38;5;130;48;5;214m [38;5;130;48;5;214m [38;5;130;48;5;214m [38;5;130;48;5;214m [38;5;130;48;5;214m [38;5;130;48;5;214m [38;5;130;48;5;214m [38;5;130;48;5;214m [38;5;130;48;5;214m [38;5;130;48;5;214m [38;5;130;48;5;214m [38;5;130;48;5;214m [38;5;208;48;5;208m░[38;5;208;48;5;208m [38;5;208;48;5;208m░[38;5;208;48;5;172m░[38;5;208;48;5;172m░[38;5;208;48;5;172m░[38;5;208;48;5;172m░[38;5;208;48;5;172m░[38;5;208;48;5;172m░[38;5;208;48;5;172m░[38;5;180;48;5;130m░[38;5;166;48;5;94m░[38;5;209;48;5;52m [38;5;52;48;5;233m [38;5;52;48;5;232m [38;5;52;48;5;232m [38;5;52;48;5;232m [38;5;52;48;5;232m [38;5;52;48;5;232m [38;5;209;48;5;52m [38;5;209;48;5;52m [38;5;215;48;5;94m░[38;5;208;48;5;172m░[38;5;208;48;5;172m░[38;5;208;48;5;172m░[38;5;208;48;5;172m░[38;5;208;48;5;172m░[38;5;208;48;5;172m░[38;5;130;48;5;208m [38;5;130;48;5;214m [38;5;166;48;5;94m░[38;5;52;48;5;16m░[0m
[38;5;209;48;5;16m░[38;5;130;48;5;208m [38;5;130;48;5;208m [38;5;180;48;5;130m░[38;5;166;48;5;94m░[38;5;166;48;5;94m░[38;5;202;48;5;52m░[38;5;130;48;5;214m [38;5;130;48;5;214m [38;5;130;48;5;214m [38;5;180;48;5;130m░[38;5;180;48;5;172m░[38;5;130;48;5;214m [38;5;130;48;5;214m [38;5;130;48;5;214m [38;5;180;48;5;130m░[38;5;216;48;5;52m [38;5;130;48;5;214m [38;5;130;48;5;214m [38;5;130;48;5;214m [38;5;130;48;5;214m [38;5;130;48;5;214m [38;5;130;48;5;214m [38;5;130;48;5;214m [38;5;130;48;5;214m [38;5;130;48;5;214m [38;5;130;48;5;214m [38;5;208;48;5;172m░[38;5;208;48;5;172m░[38;5;180;48;5;130m░[38;5;208;48;5;172m░[38;5;208;48;5;172m░[38;5;180;48;5;130m░[38;5;52;48;5;232m [38;5;52;48;5;232m [38;5;52;48;5;232m [38;5;52;48;5;232m [38;5;52;48;5;232m [38;5;52;48;5;232m [38;5;52;48;5;232m [38;5;52;48;5;232m [38;5;52;48;5;232m [38;5;52;48;5;232m [38;5;52;48;5;232m [38;5;52;48;5;232m [38;5;52;48;5;232m [38;5;231;48;5;231m▓[38;5;231;48;5;231m▓[38;5;231;48;5;231m▓[38;5;231;48;5;231m▓[38;5;231;48;5;231m▓[38;5;52;48;5;232m [38;5;130;48;5;16m░[38;5;202;48;5;16m░[38;5;52;48;5;232m [38;5;208;48;5;172m░[38;5;208;48;5;172m░[38;5;208;48;5;172m░[38;5;208;48;5;172m░[38;5;216;48;5;52m [0m
[38;5;1;48;5;16m [38;5;215;48;5;16m░[38;5;208;48;5;172m░[38;5;208;48;5;172m░[38;5;208;48;5;172m░[38;5;180;48;5;130m░[38;5;209;48;5;52m [38;5;130;48;5;214m [38;5;130;48;5;214m [38;5;130;48;5;214m [38;5;130;48;5;214m [38;5;130;48;5;214m [38;5;130;48;5;214m [38;5;130;48;5;214m [38;5;130;48;5;214m [38;5;130;48;5;214m [38;5;130;48;5;214m [38;5;130;48;5;214m [38;5;130;48;5;214m [38;5;130;48;5;214m [38;5;130;48;5;214m [38;5;130;48;5;214m [38;5;130;48;5;214m [38;5;215;48;5;172m░[38;5;208;48;5;172m░[38;5;208;48;5;172m░[38;5;208;48;5;172m░[38;5;208;48;5;172m░[38;5;180;48;5;166m░[38;5;52;48;5;232m [38;5;249;48;5;249m▓[38;5;243;48;5;243m▓[38;5;52;48;5;232m [38;5;52;48;5;232m [38;5;52;48;5;232m [38;5;52;48;5;232m [38;5;52;48;5;232m [38;5;52;48;5;232m [38;5;52;48;5;232m [38;5;52;48;5;232m [38;5;52;48;5;232m [38;5;52;48;5;232m [38;5;52;48;5;232m [38;5;52;48;5;232m [38;5;52;48;5;232m [38;5;52;48;5;232m [38;5;138;48;5;255m▓[38;5;231;48;5;231m▓[38;5;231;48;5;231m▓[38;5;255;48;5;255m▓[38;5;231;48;5;231m▓[38;5;209;48;5;239m▓[38;5;52;48;5;232m [38;5;1;48;5;16m [38;5;1;48;5;16m [38;5;1;48;5;16m [38;5;1;48;5;16m [38;5;215;48;5;232m [38;5;202;48;5;16m░[38;5;1;48;5;16m [0m
[38;5;1;48;5;16m [38;5;1;48;5;16m [38;5;1;48;5;16m [38;5;1;48;5;16m [38;5;215;48;5;16m░[38;5;34;48;5;16m [38;5;215;48;5;130m░[38;5;209;48;5;52m [38;5;208;48;5;208m [38;5;130;48;5;214m [38;5;130;48;5;214m [38;5;130;48;5;214m [38;5;130;48;5;214m [38;5;130;48;5;214m [38;5;130;48;5;214m [38;5;130;48;5;214m [38;5;130;48;5;214m [38;5;130;48;5;214m [38;5;130;48;5;214m [38;5;130;48;5;214m [38;5;130;48;5;214m [38;5;216;48;5;52m [38;5;208;48;5;172m░[38;5;208;48;5;172m░[38;5;208;48;5;172m░[38;5;208;48;5;172m░[38;5;52;48;5;232m [38;5;209;48;5;254m▓[38;5;231;48;5;231m▓[38;5;231;48;5;231m▓[38;5;231;48;5;231m▓[38;5;231;48;5;231m▓[38;5;231;48;5;231m▓[38;5;209;48;5;254m▓[38;5;52;48;5;232m [38;5;52;48;5;232m [38;5;52;48;5;232m [38;5;52;48;5;232m [38;5;52;48;5;232m [38;5;52;48;5;232m [38;5;52;48;5;232m [38;5;52;48;5;232m [38;5;52;48;5;232m [38;5;52;48;5;232m [38;5;52;48;5;232m [38;5;52;48;5;232m [38;5;209;48;5;238m▓[38;5;231;48;5;231m▓[38;5;231;48;5;231m▓[38;5;231;48;5;231m▓[38;5;231;48;5;231m▓[38;5;244;48;5;244m▓[38;5;52;48;5;232m [38;5;1;48;5;16m [38;5;1;48;5;16m [38;5;1;48;5;16m [38;5;1;48;5;16m [38;5;1;48;5;16m [38;5;1;48;5;16m [38;5;1;48;5;16m [0m
[38;5;1;48;5;16m [38;5;1;48;5;16m [38;5;1;48;5;16m [38;5;1;48;5;16m [38;5;1;48;5;16m [38;5;1;48;5;16m [38;5;202;48;5;52m░[38;5;130;48;5;214m [38;5;166;48;5;94m░[38;5;215;48;5;130m░[38;5;130;48;5;214m [38;5;130;48;5;214m [38;5;130;48;5;214m [38;5;130;48;5;214m [38;5;130;48;5;214m [38;5;130;48;5;214m [38;5;130;48;5;214m [38;5;130;48;5;214m [38;5;130;48;5;214m [38;5;209;48;5;52m [38;5;208;48;5;172m░[38;5;208;48;5;172m░[38;5;208;48;5;172m░[38;5;166;48;5;94m░[38;5;209;48;5;237m▓[38;5;231;48;5;231m▓[38;5;231;48;5;231m▓[38;5;231;48;5;231m▓[38;5;231;48;5;231m▓[38;5;231;48;5;231m▓[38;5;231;48;5;231m▓[38;5;231;48;5;231m▓[38;5;231;48;5;231m▓[38;5;231;48;5;231m▓[38;5;95;48;5;254m▓[38;5;52;48;5;232m [38;5;52;48;5;232m [38;5;52;48;5;232m [38;5;52;48;5;232m [38;5;52;48;5;232m [38;5;52;48;5;232m [38;5;52;48;5;232m [38;5;52;48;5;232m [38;5;52;48;5;232m [38;5;52;48;5;232m [38;5;52;48;5;232m [38;5;52;48;5;232m [38;5;209;48;5;243m▓[38;5;231;48;5;231m▓[38;5;231;48;5;231m▓[38;5;231;48;5;231m▓[38;5;209;48;5;234m▒[38;5;52;48;5;232m [38;5;216;48;5;16m░[38;5;1;48;5;16m [38;5;1;48;5;16m [38;5;1;48;5;16m [38;5;1;48;5;16m [38;5;1;48;5;16m [38;5;1;48;5;16m [0m
[38;5;1;48;5;16m [38;5;1;48;5;16m [38;5;1;48;5;16m [38;5;1;48;5;16m [38;5;1;48;5;16m [38;5;1;48;5;16m [38;5;155;48;5;16m░[38;5;130;48;5;214m [38;5;130;48;5;214m [38;5;208;48;5;208m░[38;5;52;48;5;233m [38;5;215;48;5;94m░[38;5;215;48;5;130m░[38;5;130;48;5;214m [38;5;130;48;5;214m [38;5;130;48;5;214m [38;5;130;48;5;214m [38;5;202;48;5;52m [38;5;215;48;5;130m░[38;5;208;48;5;172m░[38;5;208;48;5;172m░[38;5;180;48;5;130m░[38;5;52;48;5;232m [38;5;231;48;5;231m▓[38;5;231;48;5;231m▓[38;5;231;48;5;231m▓[38;5;231;48;5;231m▓[38;5;231;48;5;231m▓[38;5;231;48;5;231m▓[38;5;209;48;5;145m▓[38;5;231;48;5;231m▓[38;5;231;48;5;231m▓[38;5;231;48;5;231m▓[38;5;231;48;5;231m▓[38;5;231;48;5;231m▓[38;5;52;48;5;232m [38;5;52;48;5;232m [38;5;52;48;5;232m [38;5;52;48;5;232m [38;5;52;48;5;232m [38;5;52;48;5;232m [38;5;52;48;5;232m [38;5;52;48;5;232m [38;5;52;48;5;232m [38;5;52;48;5;232m [38;5;52;48;5;232m [38;5;52;48;5;232m [38;5;52;48;5;232m [38;5;52;48;5;232m [38;5;52;48;5;232m [38;5;52;48;5;232m [38;5;52;48;5;232m [38;5;52;48;5;233m [38;5;130;48;5;208m [38;5;208;48;5;208m░[38;5;216;48;5;232m [38;5;52;48;5;16m [38;5;1;48;5;16m [38;5;1;48;5;16m [38;5;1;48;5;16m [0m
[38;5;1;48;5;16m [38;5;1;48;5;16m [38;5;1;48;5;16m [38;5;1;48;5;16m [38;5;1;48;5;16m [38;5;1;48;5;16m [38;5;52;48;5;16m [38;5;52;48;5;233m [38;5;130;48;5;214m [38;5;130;48;5;214m [38;5;130;48;5;214m [38;5;215;48;5;130m░[38;5;209;48;5;233m [38;5;208;48;5;172m░[38;5;180;48;5;130m░[38;5;209;48;5;52m [38;5;180;48;5;130m░[38;5;208;48;5;172m░[38;5;208;48;5;172m░[38;5;208;48;5;172m░[38;5;52;48;5;232m [38;5;52;48;5;232m [38;5;52;48;5;232m [38;5;209;48;5;247m▓[38;5;231;48;5;231m▓[38;5;231;48;5;231m▓[38;5;231;48;5;231m▓[38;5;231;48;5;231m▓[38;5;231;48;5;231m▓[38;5;231;48;5;231m▓[38;5;231;48;5;231m▓[38;5;231;48;5;231m▓[38;5;231;48;5;231m▓[38;5;231;48;5;231m▓[38;5;202;48;5;253m▓[38;5;52;48;5;232m [38;5;52;48;5;232m [38;5;52;48;5;232m [38;5;52;48;5;232m [38;5;52;48;5;232m [38;5;52;48;5;232m [38;5;52;48;5;232m [38;5;52;48;5;232m [38;5;52;48;5;232m [38;5;52;48;5;232m [38;5;203;48;5;203m░[38;5;203;48;5;203m░[38;5;204;48;5;238m▒[38;5;52;48;5;232m [38;5;52;48;5;232m [38;5;52;48;5;232m [38;5;209;48;5;52m [38;5;208;48;5;172m░[38;5;208;48;5;172m░[38;5;180;48;5;130m░[38;5;52;48;5;232m [38;5;208;48;5;208m░[38;5;130;48;5;214m [38;5;180;48;5;130m░[38;5;52;48;5;232m [0m
[38;5;1;48;5;16m [38;5;1;48;5;16m [38;5;1;48;5;16m [38;5;1;48;5;16m [38;5;1;48;5;16m [38;5;1;48;5;16m [38;5;1;48;5;16m [38;5;52;48;5;16m░[38;5;166;48;5;94m░[38;5;130;48;5;214m [38;5;130;48;5;214m [38;5;130;48;5;214m [38;5;130;48;5;214m [38;5;208;48;5;208m [38;5;52;48;5;232m [38;5;209;48;5;52m [38;5;180;48;5;130m░[38;5;180;48;5;94m░[38;5;52;48;5;232m [38;5;52;48;5;232m [38;5;52;48;5;232m [38;5;52;48;5;232m [38;5;52;48;5;232m [38;5;52;48;5;232m [38;5;95;48;5;59m▓[38;5;231;48;5;231m▓[38;5;231;48;5;231m▓[38;5;231;48;5;231m▓[38;5;231;48;5;231m▓[38;5;231;48;5;231m▓[38;5;231;48;5;231m▓[38;5;231;48;5;231m▓[38;5;231;48;5;231m▓[38;5;252;48;5;252m▓[38;5;52;48;5;232m [38;5;52;48;5;232m [38;5;52;48;5;232m [38;5;52;48;5;232m [38;5;52;48;5;232m [38;5;52;48;5;232m [38;5;52;48;5;233m [38;5;203;48;5;209m [38;5;203;48;5;209m [38;5;203;48;5;209m [38;5;203;48;5;209m [38;5;203;48;5;209m [38;5;204;48;5;95m▒[38;5;204;48;5;131m▒[38;5;203;48;5;209m [38;5;203;48;5;209m [38;5;167;48;5;167m▒[38;5;166;48;5;52m░[38;5;208;48;5;172m░[38;5;208;48;5;172m░[38;5;208;48;5;172m░[38;5;208;48;5;172m░[38;5;208;48;5;172m░[38;5;166;48;5;94m░[38;5;130;48;5;208m [38;5;52;48;5;232m [0m
[38;5;1;48;5;16m [38;5;1;48;5;16m [38;5;1;48;5;16m [38;5;1;48;5;16m [38;5;1;48;5;16m [38;5;1;48;5;16m [38;5;209;48;5;16m░[38;5;180;48;5;130m░[38;5;180;48;5;130m░[38;5;52;48;5;233m [38;5;208;48;5;172m░[38;5;208;48;5;172m░[38;5;208;48;5;208m░[38;5;130;48;5;208m [38;5;130;48;5;208m [38;5;52;48;5;233m [38;5;208;48;5;208m░[38;5;52;48;5;232m [38;5;52;48;5;232m [38;5;52;48;5;232m [38;5;52;48;5;232m [38;5;52;48;5;232m [38;5;52;48;5;232m [38;5;52;48;5;232m [38;5;52;48;5;232m [38;5;52;48;5;232m [38;5;52;48;5;232m [38;5;209;48;5;245m▓[38;5;209;48;5;253m▓[38;5;209;48;5;253m▓[38;5;209;48;5;249m▓[38;5;209;48;5;233m░[38;5;52;48;5;232m [38;5;52;48;5;232m [38;5;52;48;5;232m [38;5;52;48;5;232m [38;5;52;48;5;232m [38;5;52;48;5;232m [38;5;52;48;5;232m [38;5;52;48;5;232m [38;5;204;48;5;1m▒[38;5;203;48;5;209m [38;5;203;48;5;209m [38;5;203;48;5;209m [38;5;203;48;5;209m [38;5;203;48;5;209m [38;5;203;48;5;209m [38;5;203;48;5;209m [38;5;204;48;5;95m▒[38;5;167;48;5;167m░[38;5;203;48;5;209m [38;5;203;48;5;209m [38;5;203;48;5;203m [38;5;52;48;5;232m [38;5;215;48;5;208m░[38;5;180;48;5;172m░[38;5;216;48;5;52m [38;5;180;48;5;172m░[38;5;209;48;5;52m [38;5;1;48;5;16m [0m
[38;5;1;48;5;16m [38;5;1;48;5;16m [38;5;1;48;5;16m [38;5;1;48;5;16m [38;5;1;48;5;16m [38;5;52;48;5;16m░[38;5;215;48;5;172m░[38;5;208;48;5;172m░[38;5;208;48;5;172m░[38;5;208;48;5;172m░[38;5;209;48;5;52m [38;5;180;48;5;130m░[38;5;208;48;5;172m░[38;5;208;48;5;172m░[38;5;208;48;5;172m░[38;5;208;48;5;130m░[38;5;215;48;5;130m░[38;5;216;48;5;52m [38;5;208;48;5;172m░[38;5;202;48;5;52m [38;5;52;48;5;232m [38;5;52;48;5;232m [38;5;52;48;5;232m [38;5;52;48;5;232m [38;5;52;48;5;232m [38;5;52;48;5;232m [38;5;52;48;5;232m [38;5;52;48;5;232m [38;5;52;48;5;232m [38;5;52;48;5;232m [38;5;52;48;5;232m [38;5;52;48;5;232m [38;5;52;48;5;232m [38;5;52;48;5;232m [38;5;52;48;5;232m [38;5;52;48;5;232m [38;5;52;48;5;232m [38;5;52;48;5;232m [38;5;52;48;5;232m [38;5;52;48;5;232m [38;5;52;48;5;232m [38;5;203;48;5;203m [38;5;203;48;5;209m [38;5;203;48;5;209m [38;5;203;48;5;209m [38;5;203;48;5;209m [38;5;203;48;5;209m [38;5;203;48;5;209m [38;5;203;48;5;209m [38;5;203;48;5;209m [38;5;131;48;5;234m▒[38;5;203;48;5;209m [38;5;203;48;5;209m [38;5;203;48;5;209m [38;5;203;48;5;203m [38;5;118;48;5;232m [38;5;1;48;5;16m [38;5;52;48;5;16m [38;5;1;48;5;16m [38;5;1;48;5;16m [0m
[38;5;1;48;5;16m [38;5;1;48;5;16m [38;5;1;48;5;16m [38;5;1;48;5;16m [38;5;52;48;5;16m░[38;5;208;48;5;208m [38;5;130;48;5;214m [38;5;208;48;5;208m░[38;5;208;48;5;172m░[38;5;208;48;5;172m░[38;5;208;48;5;172m░[38;5;208;48;5;172m░[38;5;52;48;5;232m [38;5;180;48;5;130m░[38;5;208;48;5;172m░[38;5;208;48;5;172m░[38;5;209;48;5;52m [38;5;208;48;5;208m [38;5;180;48;5;130m░[38;5;208;48;5;172m░[38;5;208;48;5;172m░[38;5;208;48;5;172m░[38;5;208;48;5;172m░[38;5;166;48;5;94m░[38;5;52;48;5;232m [38;5;52;48;5;232m [38;5;52;48;5;232m [38;5;52;48;5;232m [38;5;52;48;5;232m [38;5;52;48;5;232m [38;5;52;48;5;232m [38;5;52;48;5;232m [38;5;52;48;5;232m [38;5;52;48;5;232m [38;5;52;48;5;232m [38;5;52;48;5;232m [38;5;52;48;5;232m [38;5;52;48;5;232m [38;5;52;48;5;233m [38;5;215;48;5;94m░[38;5;208;48;5;172m░[38;5;204;48;5;235m▒[38;5;203;48;5;209m [38;5;203;48;5;209m [38;5;203;48;5;209m [38;5;203;48;5;209m [38;5;203;48;5;209m [38;5;203;48;5;209m [38;5;203;48;5;209m [38;5;203;48;5;209m [38;5;203;48;5;209m [38;5;204;48;5;237m▒[38;5;203;48;5;209m [38;5;203;48;5;209m [38;5;203;48;5;209m [38;5;203;48;5;209m [38;5;204;48;5;167m▒[38;5;209;48;5;16m░[38;5;1;48;5;16m [38;5;1;48;5;16m [0m
[38;5;1;48;5;16m [38;5;1;48;5;16m [38;5;1;48;5;16m [38;5;52;48;5;16m░[38;5;208;48;5;208m░[38;5;130;48;5;214m [38;5;130;48;5;214m [38;5;208;48;5;208m░[38;5;208;48;5;172m░[38;5;216;48;5;52m [38;5;172;48;5;16m░[38;5;1;48;5;16m [38;5;1;48;5;16m [38;5;1;48;5;16m [38;5;52;48;5;16m░[38;5;209;48;5;52m [38;5;209;48;5;52m [38;5;130;48;5;214m [38;5;166;48;5;94m░[38;5;208;48;5;172m░[38;5;208;48;5;172m░[38;5;208;48;5;172m░[38;5;208;48;5;172m░[38;5;208;48;5;172m░[38;5;208;48;5;172m░[38;5;208;48;5;172m░[38;5;208;48;5;172m░[38;5;208;48;5;172m░[38;5;208;48;5;172m░[38;5;208;48;5;172m░[38;5;208;48;5;172m░[38;5;208;48;5;172m░[38;5;208;48;5;172m░[38;5;208;48;5;172m░[38;5;208;48;5;172m░[38;5;208;48;5;172m░[38;5;208;48;5;172m░[38;5;208;48;5;172m░[38;5;208;48;5;172m░[38;5;208;48;5;172m░[38;5;208;48;5;172m░[38;5;52;48;5;233m [38;5;203;48;5;209m [38;5;203;48;5;209m [38;5;203;48;5;209m [38;5;203;48;5;209m [38;5;203;48;5;209m [38;5;203;48;5;209m [38;5;203;48;5;209m [38;5;203;48;5;209m [38;5;203;48;5;209m [38;5;203;48;5;209m [38;5;203;48;5;203m [38;5;203;48;5;209m [38;5;203;48;5;209m [38;5;203;48;5;209m [38;5;203;48;5;209m [38;5;203;48;5;203m [38;5;119;48;5;232m░[38;5;1;48;5;16m [0m
[38;5;1;48;5;16m [38;5;1;48;5;16m [38;5;1;48;5;16m [38;5;1;48;5;16m [38;5;202;48;5;16m░[38;5;166;48;5;58m░[38;5;52;48;5;232m [38;5;1;48;5;16m [38;5;1;48;5;16m [38;5;1;48;5;16m [38;5;1;48;5;16m [38;5;1;48;5;16m [38;5;1;48;5;16m [38;5;1;48;5;16m [38;5;1;48;5;16m [38;5;1;48;5;16m [38;5;209;48;5;52m [38;5;130;48;5;214m [38;5;215;48;5;130m░[38;5;208;48;5;172m░[38;5;208;48;5;172m░[38;5;208;48;5;172m░[38;5;208;48;5;172m░[38;5;208;48;5;172m░[38;5;208;48;5;172m░[38;5;208;48;5;172m░[38;5;208;48;5;172m░[38;5;208;48;5;172m░[38;5;208;48;5;172m░[38;5;208;48;5;172m░[38;5;208;48;5;172m░[38;5;208;48;5;172m░[38;5;208;48;5;172m░[38;5;208;48;5;172m░[38;5;208;48;5;172m░[38;5;208;48;5;172m░[38;5;208;48;5;172m░[38;5;180;48;5;130m░[38;5;216;48;5;52m [38;5;52;48;5;232m [38;5;166;48;5;94m░[38;5;180;48;5;172m░[38;5;174;48;5;167m▒[38;5;203;48;5;209m [38;5;203;48;5;209m [38;5;203;48;5;209m [38;5;203;48;5;209m [38;5;203;48;5;209m [38;5;203;48;5;209m [38;5;203;48;5;209m [38;5;203;48;5;209m [38;5;203;48;5;209m [38;5;203;48;5;209m [38;5;203;48;5;209m [38;5;203;48;5;209m [38;5;203;48;5;209m [38;5;203;48;5;209m [38;5;203;48;5;209m [38;5;203;48;5;209m [38;5;192;48;5;232m░[0m
[38;5;1;48;5;16m [38;5;1;48;5;16m [38;5;1;48;5;16m [38;5;1;48;5;16m [38;5;1;48;5;16m [38;5;1;48;5;16m [38;5;1;48;5;16m [38;5;1;48;5;16m [38;5;1;48;5;16m [38;5;1;48;5;16m [38;5;1;48;5;16m [38;5;1;48;5;16m [38;5;1;48;5;16m [38;5;1;48;5;16m [38;5;1;48;5;16m [38;5;52;48;5;16m [38;5;166;48;5;94m░[38;5;180;48;5;172m░[38;5;180;48;5;130m░[38;5;208;48;5;172m░[38;5;208;48;5;172m░[38;5;208;48;5;172m░[38;5;208;48;5;172m░[38;5;208;48;5;172m░[38;5;208;48;5;172m░[38;5;208;48;5;172m░[38;5;208;48;5;130m░[38;5;209;48;5;52m [38;5;130;48;5;214m [38;5;130;48;5;214m [38;5;215;48;5;172m░[38;5;215;48;5;172m░[38;5;208;48;5;172m░[38;5;208;48;5;208m░[38;5;208;48;5;208m░[38;5;208;48;5;208m░[38;5;208;48;5;208m░[38;5;215;48;5;172m░[38;5;215;48;5;130m░[38;5;202;48;5;52m [38;5;52;48;5;232m [38;5;209;48;5;16m░[38;5;167;48;5;52m░[38;5;203;48;5;209m [38;5;203;48;5;209m [38;5;203;48;5;209m [38;5;203;48;5;209m [38;5;203;48;5;209m [38;5;203;48;5;209m [38;5;203;48;5;209m [38;5;203;48;5;209m [38;5;203;48;5;209m [38;5;203;48;5;209m [38;5;203;48;5;209m [38;5;203;48;5;209m [38;5;203;48;5;209m [38;5;203;48;5;209m [38;5;203;48;5;209m [38;5;203;48;5;209m [38;5;174;48;5;88m▒[0m
[38;5;1;48;5;16m [38;5;1;48;5;16m [38;5;1;48;5;16m [38;5;1;48;5;16m [38;5;1;48;5;16m [38;5;1;48;5;16m [38;5;1;48;5;16m [38;5;1;48;5;16m [38;5;1;48;5;16m [38;5;1;48;5;16m [38;5;1;48;5;16m [38;5;1;48;5;16m [38;5;1;48;5;16m [38;5;1;48;5;16m [38;5;1;48;5;16m [38;5;216;48;5;16m [38;5;208;48;5;208m░[38;5;180;48;5;94m░[38;5;180;48;5;130m░[38;5;208;48;5;172m░[38;5;208;48;5;172m░[38;5;208;48;5;172m░[38;5;208;48;5;172m░[38;5;208;48;5;172m░[38;5;166;48;5;94m░[38;5;215;48;5;130m░[38;5;130;48;5;214m [38;5;216;48;5;52m [38;5;52;48;5;16m [38;5;1;48;5;16m [38;5;1;48;5;16m [38;5;1;48;5;16m [38;5;1;48;5;16m [38;5;1;48;5;16m [38;5;1;48;5;16m [38;5;1;48;5;16m [38;5;1;48;5;16m [38;5;1;48;5;16m [38;5;1;48;5;16m [38;5;1;48;5;16m [38;5;1;48;5;16m [38;5;1;48;5;16m [38;5;209;48;5;16m░[38;5;203;48;5;203m [38;5;203;48;5;209m [38;5;203;48;5;209m [38;5;203;48;5;209m [38;5;203;48;5;209m [38;5;203;48;5;209m [38;5;203;48;5;209m [38;5;203;48;5;209m [38;5;203;48;5;209m [38;5;203;48;5;209m [38;5;203;48;5;209m [38;5;203;48;5;209m [38;5;203;48;5;209m [38;5;203;48;5;209m [38;5;203;48;5;209m [38;5;203;48;5;209m [38;5;52;48;5;232m░[0m
[38;5;1;48;5;16m [38;5;1;48;5;16m [38;5;1;48;5;16m [38;5;1;48;5;16m [38;5;1;48;5;16m [38;5;1;48;5;16m [38;5;1;48;5;16m [38;5;1;48;5;16m [38;5;1;48;5;16m [38;5;1;48;5;16m [38;5;1;48;5;16m [38;5;1;48;5;16m [38;5;1;48;5;16m [38;5;1;48;5;16m [38;5;1;48;5;16m [38;5;52;48;5;16m [38;5;216;48;5;52m [38;5;130;48;5;214m [38;5;130;48;5;214m [38;5;215;48;5;166m░[38;5;202;48;5;52m [38;5;209;48;5;52m [38;5;209;48;5;233m [38;5;215;48;5;172m░[38;5;130;48;5;214m [38;5;216;48;5;52m [38;5;1;48;5;16m [38;5;1;48;5;16m [38;5;1;48;5;16m [38;5;1;48;5;16m [38;5;1;48;5;16m [38;5;1;48;5;16m [38;5;1;48;5;16m [38;5;1;48;5;16m [38;5;1;48;5;16m [38;5;1;48;5;16m [38;5;1;48;5;16m [38;5;1;48;5;16m [38;5;1;48;5;16m [38;5;1;48;5;16m [38;5;1;48;5;16m [38;5;1;48;5;16m [38;5;1;48;5;16m [38;5;186;48;5;16m▒[38;5;174;48;5;131m▒[38;5;203;48;5;203m░[38;5;203;48;5;203m [38;5;203;48;5;209m [38;5;203;48;5;209m [38;5;203;48;5;209m [38;5;203;48;5;209m [38;5;203;48;5;209m [38;5;203;48;5;209m [38;5;203;48;5;209m [38;5;203;48;5;209m [38;5;203;48;5;209m [38;5;203;48;5;203m [38;5;167;48;5;167m░[38;5;52;48;5;232m [38;5;1;48;5;16m [0m
[38;5;1;48;5;16m [38;5;1;48;5;16m [38;5;1;48;5;16m [38;5;1;48;5;16m [38;5;1;48;5;16m [38;5;1;48;5;16m [38;5;1;48;5;16m [38;5;1;48;5;16m [38;5;1;48;5;16m [38;5;1;48;5;16m [38;5;1;48;5;16m [38;5;1;48;5;16m [38;5;1;48;5;16m [38;5;1;48;5;16m [38;5;1;48;5;16m [38;5;1;48;5;16m [38;5;1;48;5;16m [38;5;1;48;5;16m [38;5;52;48;5;16m [38;5;184;48;5;232m░[38;5;52;48;5;233m [38;5;166;48;5;52m [38;5;166;48;5;94m░[38;5;209;48;5;52m [38;5;52;48;5;16m [38;5;1;48;5;16m [38;5;1;48;5;16m [38;5;1;48;5;16m [38;5;1;48;5;16m [38;5;1;48;5;16m [38;5;1;48;5;16m [38;5;1;48;5;16m [38;5;1;48;5;16m [38;5;1;48;5;16m [38;5;1;48;5;16m [38;5;1;48;5;16m [38;5;1;48;5;16m [38;5;1;48;5;16m [38;5;1;48;5;16m [38;5;1;48;5;16m [38;5;1;48;5;16m [38;5;1;48;5;16m [38;5;1;48;5;16m [38;5;1;48;5;16m [38;5;1;48;5;16m [38;5;52;48;5;232m [38;5;204;48;5;236m▒[38;5;203;48;5;203m░[38;5;203;48;5;203m░[38;5;203;48;5;203m░[38;5;203;48;5;203m░[38;5;203;48;5;203m░[38;5;203;48;5;203m░[38;5;203;48;5;203m░[38;5;204;48;5;131m▒[38;5;52;48;5;233m [38;5;52;48;5;16m░[38;5;1;48;5;16m [38;5;1;48;5;16m [38;5;1;48;5;16m [0m
[0m

